10	17
cont	92
blank	93
87	94
88	95
blank	96
90	97
cont	101
blank	102
96	103
cont	107
blank	108
102	109
cont	113
blank	114
108	115
cont	119
blank	120
114	121
cont	125
blank	126
120	127
cont	138
blank	139
133	140
cont	147
blank	148
142	149
cont	151
blank	152
146	153
147	154
148	155
blank	156
150	157
151	158
blank	159
153	160
154	161
blank	162
156	163
blank	164
158	165
blank	166
160	167
blank	168
162	169
blank	170
164	171
blank	172
166	173
blank	174
168	175
blank	176
blank	177
blank	178
172	179
blank	180
174	181
blank	182
176	183
blank	184
178	185
blank	186
180	187
blank	188
182	189
blank	190
184	191
blank	192
186	193
blank	194
188	195
blank	196
190	197
blank	198
192	199
blank	200
194	201
blank	202
196	203
blank	204
198	205
blank	206
200	207
blank	208
202	209
blank	210
blank	211
205	212
206	213
cont	251
245	252
246	253
247	254
248	255
